/data/dev/cheng/heads_data/20200507_mozi/0507-0509image_sample/1588815388_1588815396_119_6_018.jpg 1016,450,1124,562,0 816,775,913,870,0
/data/dev/cheng/heads_data/20200507_mozi/0507-0509image_sample/1589013867_1589013875_119_6_018.jpg 413,1335,472,1410,0 745,888,835,981,0 1081,516,1163,595,0 1205,691,1302,756,0
/data/dev/cheng/heads_data/20200507_mozi/0507-0509image_sample/1588946994_1588947002_120_6_010.jpg 220,499,322,595,0 509,795,596,886,0 1100,479,1196,568,0
/data/dev/cheng/heads_data/20200507_mozi/0507-0509image_sample/1588989758_1588989766_120_6_001.jpg 507,239,576,330,0 838,817,919,905,0 1048,535,1139,620,0
/data/dev/cheng/heads_data/20200507_mozi/0507-0509image_sample/1588999274_1588999282_119_6_010.jpg 824,819,895,899,0 1060,519,1149,606,0
/data/dev/cheng/heads_data/20200507_mozi/0507-0509image_sample/1588986790_1588986798_119_6_003.jpg 911,533,1007,610,0 569,897,667,973,0 522,1082,604,1175,0 507,1299,609,1390,0
/data/dev/cheng/heads_data/20200507_mozi/0507-0509image_sample/1588834743_1588834751_120_6_005.jpg 853,830,976,950,0 1084,482,1169,573,0
/data/dev/cheng/heads_data/20200507_mozi/0507-0509image_sample/1588978597_1588978605_119_6_006.jpg 818,810,907,899,0 944,522,1031,613,0
/data/dev/cheng/heads_data/20200507_mozi/0507-0509image_sample/1589010394_1589010402_119_6_017.jpg 1,929,57,995,0 886,791,976,887,0 1227,774,1325,858,0 1040,510,1127,593,0
/data/dev/cheng/heads_data/20200507_mozi/0507-0509image_sample/1589013851_1589013859_119_6_019.jpg 414,1333,473,1410,0 801,816,891,923,0 1085,512,1169,592,0
/data/dev/cheng/heads_data/20200507_mozi/0507-0509image_sample/1588989310_1588989318_120_6_013.jpg 101,1212,157,1259,0 339,924,423,1012,0 503,226,571,316,0 1097,501,1180,579,0 1188,726,1271,787,0
/data/dev/cheng/heads_data/20200507_mozi/0507-0509image_sample/1588991534_1588991542_119_6_014.jpg 1,841,46,891,0 556,869,653,967,0 946,838,1027,915,0 1310,551,1398,636,0 1032,508,1120,587,0
/data/dev/cheng/heads_data/20200507_mozi/0507-0509image_sample/1588834743_1588834751_120_6_017.jpg 873,824,991,944,0 953,493,1060,588,0
/data/dev/cheng/heads_data/20200507_mozi/0507-0509image_sample/1588991374_1588991382_119_6_006.jpg 1080,527,1182,608,0 1334,770,1417,845,0 772,782,863,872,0 218,1006,327,1093,0
/data/dev/cheng/heads_data/20200507_mozi/0507-0509image_sample/1588978589_1588978597_119_6_015.jpg 1037,518,1128,595,0 860,810,949,910,0
/data/dev/cheng/heads_data/20200507_mozi/0507-0509image_sample/1588813696_1588813704_120_6_007.jpg 1056,497,1153,586,0 1289,775,1396,875,0 1282,870,1387,953,0 749,822,853,915,0
/data/dev/cheng/heads_data/20200507_mozi/0507-0509image_sample/1588993774_1588993782_119_6_006.jpg 1054,505,1144,603,0 1217,602,1316,684,0 1379,784,1429,833,0 519,1187,589,1269,0 406,1332,468,1398,0
/data/dev/cheng/heads_data/20200507_mozi/0507-0509image_sample/1588892903_1588892911_119_6_001.jpg 1071,475,1185,578,0 744,814,835,913,0
/data/dev/cheng/heads_data/20200507_mozi/0507-0509image_sample/1588946978_1588946986_120_6_001.jpg 713,1128,791,1219,0 1087,473,1189,562,0 242,502,342,597,0
/data/dev/cheng/heads_data/20200507_mozi/0507-0509image_sample/1588993766_1588993774_119_6_003.jpg 416,1332,477,1404,0 1039,512,1122,598,0 1200,595,1300,665,0 1263,860,1345,935,0 1052,943,1102,989,0 530,1199,594,1278,0
/data/dev/cheng/heads_data/20200507_mozi/0507-0509image_sample/1588830190_1588830198_119_6_007.jpg 1051,510,1140,597,0 1196,713,1280,779,0
/data/dev/cheng/heads_data/20200507_mozi/0507-0509image_sample/1588853064_1588853072_119_6_006.jpg 1033,488,1120,582,0 840,793,929,884,0 436,244,509,330,0 409,1213,484,1295,0
/data/dev/cheng/heads_data/20200507_mozi/0507-0509image_sample/1588814652_1588814660_119_6_013.jpg 809,868,911,986,0 444,1037,542,1139,0 1058,495,1151,597,0 1171,850,1271,933,0
/data/dev/cheng/heads_data/20200507_mozi/0507-0509image_sample/1588989310_1588989318_120_6_018.jpg 507,228,571,318,0 1043,520,1130,585,0 1188,718,1268,776,0 1076,952,1171,1037,0
/data/dev/cheng/heads_data/20200507_mozi/0507-0509image_sample/1588829790_1588829798_119_6_002.jpg 784,705,871,805,0 1062,463,1149,554,0 1288,788,1402,855,0
/data/dev/cheng/heads_data/20200507_mozi/0507-0509image_sample/1588946866_1588946874_120_6_006.jpg 1100,475,1200,570,0
/data/dev/cheng/heads_data/20200507_mozi/0507-0509image_sample/1588991558_1588991566_119_6_012.jpg 163,1026,245,1107,0 582,832,684,928,0 850,770,928,858,0 656,502,727,594,0 1324,554,1415,640,0
/data/dev/cheng/heads_data/20200507_mozi/0507-0509image_sample/1588841399_1588841407_120_6_018.jpg 40,1048,120,1123,0 267,1064,340,1133,0 822,775,902,902,0 1020,504,1118,595,0
/data/dev/cheng/heads_data/20200507_mozi/0507-0509image_sample/1588986630_1588986638_119_6_006.jpg 1031,526,1129,606,0 1351,515,1422,570,0 1229,737,1336,810,0 833,779,924,868,0 338,977,436,1070,0
/data/dev/cheng/heads_data/20200507_mozi/0507-0509image_sample/1588946794_1588946802_119_6_017.jpg 1122,502,1220,595,0
/data/dev/cheng/heads_data/20200507_mozi/0507-0509image_sample/1588996702_1588996710_119_6_012.jpg 1047,475,1138,556,0 1226,701,1319,778,0
/data/dev/cheng/heads_data/20200507_mozi/0507-0509image_sample/1588830206_1588830214_119_6_010.jpg 1,1093,49,1146,0
/data/dev/cheng/heads_data/20200507_mozi/0507-0509image_sample/1588996702_1588996710_119_6_008.jpg 1059,499,1145,579,0 1233,708,1330,781,0
/data/dev/cheng/heads_data/20200507_mozi/0507-0509image_sample/1588946818_1588946826_120_6_013.jpg 1112,561,1213,658,0 780,714,865,813,0 340,1002,433,1091,0
/data/dev/cheng/heads_data/20200507_mozi/0507-0509image_sample/1588840615_1588840623_120_6_011.jpg 1066,531,1155,623,0 1283,810,1402,892,0 1360,905,1429,969,0 746,875,856,982,0 358,770,457,856,0 169,992,267,1061,0
/data/dev/cheng/heads_data/20200507_mozi/0507-0509image_sample/1588946914_1588946922_120_6_003.jpg 1104,488,1204,577,0 1182,610,1280,686,0 233,1115,320,1186,0
/data/dev/cheng/heads_data/20200507_mozi/0507-0509image_sample/1588986974_1588986982_120_6_012.jpg 836,829,916,917,0 1085,489,1175,569,0 1184,820,1271,897,0 1214,702,1284,769,0
/data/dev/cheng/heads_data/20200507_mozi/0507-0509image_sample/1588989918_1588989926_120_6_006.jpg 1091,530,1179,607,0
/data/dev/cheng/heads_data/20200507_mozi/0507-0509image_sample/1588946850_1588946858_120_6_012.jpg 1100,479,1204,573,0 507,724,598,822,0
/data/dev/cheng/heads_data/20200507_mozi/0507-0509image_sample/1588988526_1588988534_120_6_008.jpg 426,827,526,913,0 832,937,921,1035,0 1191,849,1297,930,0 1312,838,1408,905,0 1380,725,1440,786,0 1328,555,1415,620,0 1067,516,1152,598,0
/data/dev/cheng/heads_data/20200507_mozi/0507-0509image_sample/1588814264_1588814272_119_6_002.jpg 827,797,924,893,0 1076,495,1164,579,0 456,1315,531,1399,0
/data/dev/cheng/heads_data/20200507_mozi/0507-0509image_sample/1588859656_1588859664_119_6_010.jpg 1064,537,1153,624,0 1191,813,1287,910,0
/data/dev/cheng/heads_data/20200507_mozi/0507-0509image_sample/1588989134_1588989142_120_6_003.jpg 38,900,104,953,0 819,751,907,848,0 1055,516,1143,599,0 1163,507,1230,575,0 1276,671,1370,742,0 1212,1340,1267,1394,0
/data/dev/cheng/heads_data/20200507_mozi/0507-0509image_sample/1588989310_1588989318_120_6_001.jpg 71,1193,122,1246,0 92,870,164,930,0 504,229,571,317,0 1167,744,1235,806,0 1079,523,1167,600,0
/data/dev/cheng/heads_data/20200507_mozi/0507-0509image_sample/1588946986_1588946994_119_6_005.jpg 327,542,424,639,0 1093,482,1198,573,0 702,1117,778,1206,0
/data/dev/cheng/heads_data/20200507_mozi/0507-0509image_sample/1589009146_1589009154_119_6_001.jpg 575,1015,664,1099,0 794,534,871,621,0
/data/dev/cheng/heads_data/20200507_mozi/0507-0509image_sample/1588991558_1588991566_119_6_017.jpg 533,879,625,966,0 897,815,974,899,0 855,348,940,438,0 1307,556,1409,634,0
/data/dev/cheng/heads_data/20200507_mozi/0507-0509image_sample/1588848879_1588848887_119_6_002.jpg 911,756,1002,850,0 990,505,1089,588,0
/data/dev/cheng/heads_data/20200507_mozi/0507-0509image_sample/1588840943_1588840951_119_6_003.jpg 1098,502,1193,593,0 1273,475,1382,557,0 1247,677,1351,768,0 833,759,933,853,0 393,239,478,335,0
/data/dev/cheng/heads_data/20200507_mozi/0507-0509image_sample/1588826982_1588826990_120_6_018.jpg 1051,517,1147,602,0 1247,690,1353,782,0 838,808,938,913,0
/data/dev/cheng/heads_data/20200507_mozi/0507-0509image_sample/1588997102_1588997110_119_6_006.jpg 1048,512,1135,586,0 810,812,915,917,0
/data/dev/cheng/heads_data/20200507_mozi/0507-0509image_sample/1589026572_1589026580_119_6_015.jpg 101,1281,133,1312,0 794,794,863,870,0 1074,510,1156,592,0 1250,781,1356,858,0
/data/dev/cheng/heads_data/20200507_mozi/0507-0509image_sample/1588929222_1588929230_119_6_003.jpg 1021,472,1100,550,0 1210,800,1313,873,0 1315,784,1397,865,0
/data/dev/cheng/heads_data/20200507_mozi/0507-0509image_sample/1589007642_1589007650_120_6_017.jpg 368,271,438,357,0 1086,504,1171,586,0 1284,679,1364,747,0
/data/dev/cheng/heads_data/20200507_mozi/0507-0509image_sample/1588946906_1588946914_119_6_003.jpg 1089,442,1182,530,0 324,1337,384,1397,0
/data/dev/cheng/heads_data/20200507_mozi/0507-0509image_sample/1588989502_1588989510_120_6_003.jpg 513,248,586,335,0 1072,529,1157,604,0 1269,630,1373,699,0 1348,901,1431,969,0 1122,856,1212,936,0 843,765,936,862,0
/data/dev/cheng/heads_data/20200507_mozi/0507-0509image_sample/1588934070_1588934078_119_6_010.jpg 1035,547,1124,624,0 171,977,262,1070,0 311,1342,378,1406,0
/data/dev/cheng/heads_data/20200507_mozi/0507-0509image_sample/1588834743_1588834751_120_6_003.jpg 1073,504,1167,590,0 851,830,973,944,0
/data/dev/cheng/heads_data/20200507_mozi/0507-0509image_sample/1588840935_1588840943_120_6_003.jpg 802,779,891,868,0 387,239,473,330,0 1069,497,1167,606,0 1340,462,1400,506,0 1262,708,1362,797,0
/data/dev/cheng/heads_data/20200507_mozi/0507-0509image_sample/1588841063_1588841071_120_6_018.jpg 336,273,422,362,0 1064,490,1162,595,0 1300,642,1409,753,0 1287,875,1387,957,0 1127,908,1222,997,0
/data/dev/cheng/heads_data/20200507_mozi/0507-0509image_sample/1588991366_1588991374_119_6_017.jpg 158,924,248,1019,0 775,789,861,874,0 1077,512,1179,599,0
/data/dev/cheng/heads_data/20200507_mozi/0507-0509image_sample/1588989302_1588989310_119_6_002.jpg 502,230,571,321,0 1070,524,1158,603,0 1182,727,1253,780,0 763,881,840,948,0
/data/dev/cheng/heads_data/20200507_mozi/0507-0509image_sample/1588989310_1588989318_120_6_002.jpg 63,1171,124,1225,0 81,871,151,930,0 504,228,575,317,0 1081,524,1169,604,0 1155,726,1228,790,0
/data/dev/cheng/heads_data/20200507_mozi/0507-0509image_sample/1588858736_1588858744_119_6_000.jpg 1066,523,1156,609,0 1287,556,1392,654,0 858,870,958,982,0
/data/dev/cheng/heads_data/20200507_mozi/0507-0509image_sample/1588813792_1588813800_120_6_019.jpg 1231,639,1344,733,0 1093,508,1200,595,0
/data/dev/cheng/heads_data/20200507_mozi/0507-0509image_sample/1588947050_1588947058_119_6_018.jpg 1076,477,1173,570,0 269,493,367,588,0 271,908,358,995,0 596,850,698,937,0
/data/dev/cheng/heads_data/20200507_mozi/0507-0509image_sample/1588813240_1588813248_119_6_009.jpg 1058,528,1156,622,0 1249,697,1356,788,0 851,815,969,926,0 949,1055,1049,1146,0 533,993,636,1088,0
/data/dev/cheng/heads_data/20200507_mozi/0507-0509image_sample/1588988990_1588988998_120_6_003.jpg 792,763,861,848,0 1042,517,1129,599,0 1335,551,1433,623,0 1254,727,1345,798,0
/data/dev/cheng/heads_data/20200507_mozi/0507-0509image_sample/1588999290_1588999298_119_6_005.jpg 296,821,386,899,0 1086,540,1176,614,0 1200,855,1292,936,0
/data/dev/cheng/heads_data/20200507_mozi/0507-0509image_sample/1589021643_1589021651_119_6_009.jpg 1066,527,1151,610,0 1261,681,1358,753,0
/data/dev/cheng/heads_data/20200507_mozi/0507-0509image_sample/1588859200_1588859208_119_6_007.jpg 660,1026,749,1137,0 750,408,856,506,0
/data/dev/cheng/heads_data/20200507_mozi/0507-0509image_sample/1588839359_1588839367_119_6_010.jpg 78,917,156,978,0 568,266,650,373,0 976,297,1067,380,0
/data/dev/cheng/heads_data/20200507_mozi/0507-0509image_sample/1588989518_1588989526_120_6_011.jpg 540,937,626,1041,0 778,975,863,1068,0 1301,884,1378,958,0 1287,697,1399,769,0 1079,523,1167,607,0 508,236,580,333,0
/data/dev/cheng/heads_data/20200507_mozi/0507-0509image_sample/1589018715_1589018723_120_6_006.jpg 519,1073,605,1164,0 872,1008,960,1122,0 558,359,650,459,0
/data/dev/cheng/heads_data/20200507_mozi/0507-0509image_sample/1588999282_1588999290_120_6_019.jpg 300,836,385,909,0 1087,535,1174,610,0 1208,849,1290,934,0
/data/dev/cheng/heads_data/20200507_mozi/0507-0509image_sample/1588813792_1588813800_120_6_007.jpg 1076,497,1171,584,0 1233,639,1342,724,0
/data/dev/cheng/heads_data/20200507_mozi/0507-0509image_sample/1588988646_1588988654_119_6_012.jpg 76,981,158,1049,0 45,1117,112,1179,0 712,832,800,927,0 948,327,1029,420,0 1176,496,1261,571,0 1256,732,1359,805,0
/data/dev/cheng/heads_data/20200507_mozi/0507-0509image_sample/1588830198_1588830206_120_6_002.jpg 1200,717,1287,788,0 1040,490,1131,590,0 1333,1299,1389,1357,0
/data/dev/cheng/heads_data/20200507_mozi/0507-0509image_sample/1588813248_1588813256_120_6_013.jpg 1041,545,1133,631,0 1068,954,1132,1015,0 1235,714,1340,797,0 755,891,858,988,0 266,989,361,1083,0
/data/dev/cheng/heads_data/20200507_mozi/0507-0509image_sample/1589010426_1589010434_119_6_000.jpg 13,946,81,1006,0 80,1190,141,1245,0 767,981,863,1074,0 1185,631,1300,713,0 1032,502,1115,575,0
/data/dev/cheng/heads_data/20200507_mozi/0507-0509image_sample/1589021643_1589021651_119_6_013.jpg 1038,534,1115,614,0 1259,702,1361,777,0
/data/dev/cheng/heads_data/20200507_mozi/0507-0509image_sample/1588947026_1588947034_120_6_012.jpg 587,444,687,528,0 1093,477,1202,568,0 1256,604,1353,682,0 1225,710,1322,794,0
/data/dev/cheng/heads_data/20200507_mozi/0507-0509image_sample/1588998078_1588998086_121_6_012.jpg 41,1359,69,1390,0 497,949,589,1043,0 661,1048,735,1128,0 874,491,949,586,0
/data/dev/cheng/heads_data/20200507_mozi/0507-0509image_sample/1588947010_1588947018_120_6_005.jpg 1100,484,1198,575,0 271,482,380,577,0 342,859,444,957,0
/data/dev/cheng/heads_data/20200507_mozi/0507-0509image_sample/1588999274_1588999282_119_6_019.jpg 794,835,868,917,0 1059,526,1145,608,0
/data/dev/cheng/heads_data/20200507_mozi/0507-0509image_sample/1588992014_1588992022_119_6_008.jpg 545,1261,612,1337,0 1068,529,1162,621,0 1366,584,1440,665,0 1218,715,1325,781,0 1192,975,1286,1048,0
/data/dev/cheng/heads_data/20200507_mozi/0507-0509image_sample/1588829774_1588829782_119_6_017.jpg 744,728,829,817,0 1056,497,1151,584,0 1253,686,1340,755,0
/data/dev/cheng/heads_data/20200507_mozi/0507-0509image_sample/1588859648_1588859656_119_6_004.jpg 1064,495,1164,586,0 1182,799,1282,899,0
/data/dev/cheng/heads_data/20200507_mozi/0507-0509image_sample/1589026604_1589026612_119_6_009.jpg 769,977,835,1058,0 969,520,1050,599,0
/data/dev/cheng/heads_data/20200507_mozi/0507-0509image_sample/1588819054_1588819062_120_6_004.jpg 1076,519,1176,610,0 1264,577,1364,642,0 1214,779,1316,863,0 429,1362,502,1439,0 36,1242,80,1270,0
/data/dev/cheng/heads_data/20200507_mozi/0507-0509image_sample/1588934062_1588934070_120_6_003.jpg 1067,539,1162,613,0 1233,737,1342,815,0
/data/dev/cheng/heads_data/20200507_mozi/0507-0509image_sample/1588859200_1588859208_119_6_012.jpg 318,313,400,404,0 633,970,727,1057,0
/data/dev/cheng/heads_data/20200507_mozi/0507-0509image_sample/1589021651_1589021659_119_6_017.jpg 1067,509,1152,581,0 1249,658,1335,729,0
/data/dev/cheng/heads_data/20200507_mozi/0507-0509image_sample/1588996502_1588996510_119_6_001.jpg 344,1022,419,1096,0 1203,849,1299,935,0 1302,626,1389,692,0 1092,531,1162,613,0 1282,481,1368,556,0
/data/dev/cheng/heads_data/20200507_mozi/0507-0509image_sample/1589013851_1589013859_119_6_018.jpg 1082,509,1171,593,0 791,807,889,907,0 411,1340,470,1414,0
/data/dev/cheng/heads_data/20200507_mozi/0507-0509image_sample/1589018707_1589018715_119_6_011.jpg 330,994,417,1070,0 1075,459,1168,562,0 1354,861,1440,929,0
/data/dev/cheng/heads_data/20200507_mozi/0507-0509image_sample/1588986974_1588986982_120_6_000.jpg 581,1102,658,1197,0 828,838,909,923,0 1059,502,1145,584,0 1217,727,1286,798,0 1184,830,1281,915,0 1325,1332,1384,1396,0
/data/dev/cheng/heads_data/20200507_mozi/0507-0509image_sample/1588813704_1588813712_119_6_014.jpg 1082,517,1178,610,0 1311,684,1429,773,0 1200,931,1309,1022,0 542,1397,613,1440,0
/data/dev/cheng/heads_data/20200507_mozi/0507-0509image_sample/1588840511_1588840519_119_6_014.jpg 1142,457,1251,528,0 1062,527,1155,632,0 1240,653,1333,739,0 813,830,927,930,0 629,1095,711,1206,0
/data/dev/cheng/heads_data/20200507_mozi/0507-0509image_sample/1588988550_1588988558_119_6_015.jpg 1,888,43,930,0 158,971,243,1041,0 934,906,1019,994,0 1089,526,1174,608,0 1299,579,1381,658,0 1350,722,1440,790,0
/data/dev/cheng/heads_data/20200507_mozi/0507-0509image_sample/1588947074_1588947082_120_6_006.jpg 627,1053,713,1155,0 1182,988,1267,1068,0 1073,477,1169,570,0
/data/dev/cheng/heads_data/20200507_mozi/0507-0509image_sample/1588859192_1588859200_120_6_017.jpg 489,1063,572,1156,0 852,519,957,593,0
/data/dev/cheng/heads_data/20200507_mozi/0507-0509image_sample/1588847343_1588847351_119_6_008.jpg 1056,493,1153,584,0 1187,779,1284,868,0
/data/dev/cheng/heads_data/20200507_mozi/0507-0509image_sample/1588993774_1588993782_119_6_015.jpg 498,1183,566,1256,0 451,1359,509,1427,0 809,907,862,956,0 1053,525,1143,607,0 1212,638,1292,720,0 1378,653,1440,709,0
/data/dev/cheng/heads_data/20200507_mozi/0507-0509image_sample/1589013931_1589013939_119_6_005.jpg 427,1333,484,1404,0 840,952,915,1034,0 1066,503,1153,594,0 1393,835,1440,889,0
/data/dev/cheng/heads_data/20200507_mozi/0507-0509image_sample/1589007394_1589007402_119_6_004.jpg 374,267,451,350,0 1036,499,1115,575,0 864,834,948,918,0
/data/dev/cheng/heads_data/20200507_mozi/0507-0509image_sample/1589008706_1589008714_119_6_003.jpg 366,274,441,363,0 1029,520,1114,597,0 847,840,942,944,0 954,986,1053,1079,0
/data/dev/cheng/heads_data/20200507_mozi/0507-0509image_sample/1588841503_1588841511_119_6_000.jpg 1154,897,1243,983,0 524,1142,628,1247,0 355,1084,429,1148,0 1062,517,1150,609,0 1346,717,1429,772,0 1351,644,1440,710,0
/data/dev/cheng/heads_data/20200507_mozi/0507-0509image_sample/1589021651_1589021659_119_6_009.jpg 1054,515,1139,598,0 1260,672,1356,741,0
/data/dev/cheng/heads_data/20200507_mozi/0507-0509image_sample/1588975869_1588975877_119_6_017.jpg 867,548,969,639,0
/data/dev/cheng/heads_data/20200507_mozi/0507-0509image_sample/1588947010_1588947018_120_6_007.jpg 282,493,387,586,0 1100,475,1198,573,0 320,873,424,964,0
/data/dev/cheng/heads_data/20200507_mozi/0507-0509image_sample/1588840943_1588840951_119_6_001.jpg 393,239,482,337,0 867,719,962,815,0 1244,686,1356,775,0 1324,517,1427,602,0 1084,495,1169,597,0
/data/dev/cheng/heads_data/20200507_mozi/0507-0509image_sample/1588934062_1588934070_120_6_019.jpg 1002,491,1088,573,0 502,1015,596,1114,0
/data/dev/cheng/heads_data/20200507_mozi/0507-0509image_sample/1589013851_1589013859_119_6_008.jpg 414,1335,474,1412,0 789,797,899,902,0 1074,516,1158,601,0
/data/dev/cheng/heads_data/20200507_mozi/0507-0509image_sample/1588813808_1588813816_120_6_014.jpg 1062,506,1162,595,0 1224,622,1333,706,0 1391,1162,1440,1218,0
/data/dev/cheng/heads_data/20200507_mozi/0507-0509image_sample/1588988438_1588988446_119_6_011.jpg 298,491,371,569,0 502,915,590,1012,0 1071,914,1179,1002,0 1203,794,1302,856,0 1091,551,1182,630,0
/data/dev/cheng/heads_data/20200507_mozi/0507-0509image_sample/1588989006_1588989014_120_6_006.jpg 792,794,862,874,0 1062,524,1150,605,0 1306,556,1399,630,0 1257,720,1345,796,0
/data/dev/cheng/heads_data/20200507_mozi/0507-0509image_sample/1588986982_1588986990_119_6_019.jpg 812,833,892,920,0 1076,523,1168,608,0 1158,835,1256,909,0 1196,754,1286,810,0 1381,579,1440,641,0 1190,1283,1253,1356,0
/data/dev/cheng/heads_data/20200507_mozi/0507-0509image_sample/1588992782_1588992790_119_6_015.jpg 830,810,903,889,0 1026,529,1111,616,0
/data/dev/cheng/heads_data/20200507_mozi/0507-0509image_sample/1588947058_1588947066_120_6_007.jpg 247,882,344,979,0 609,875,702,959,0 1064,473,1169,557,0 262,495,369,593,0
/data/dev/cheng/heads_data/20200507_mozi/0507-0509image_sample/1588858744_1588858752_120_6_010.jpg 824,848,927,948,0 1051,517,1149,599,0 1307,579,1413,668,0
/data/dev/cheng/heads_data/20200507_mozi/0507-0509image_sample/1588989278_1588989286_120_6_019.jpg 505,232,574,320,0 1102,527,1175,615,0 1196,711,1280,774,0 776,843,850,910,0
/data/dev/cheng/heads_data/20200507_mozi/0507-0509image_sample/1588847359_1588847367_119_6_011.jpg 1033,484,1133,590,0 1198,788,1311,857,0
/data/dev/cheng/heads_data/20200507_mozi/0507-0509image_sample/1588834743_1588834751_120_6_010.jpg 1067,490,1153,584,0 862,819,982,942,0
/data/dev/cheng/heads_data/20200507_mozi/0507-0509image_sample/1588813704_1588813712_119_6_019.jpg 1193,930,1296,1024,0 1280,764,1391,835,0 1076,515,1169,604,0 536,1397,604,1440,0
/data/dev/cheng/heads_data/20200507_mozi/0507-0509image_sample/1588934062_1588934070_120_6_005.jpg 1073,559,1158,639,0 1251,737,1351,822,0
/data/dev/cheng/heads_data/20200507_mozi/0507-0509image_sample/1588934118_1588934126_119_6_002.jpg 850,828,947,920,0 1026,493,1110,580,0
/data/dev/cheng/heads_data/20200507_mozi/0507-0509image_sample/1588814256_1588814264_120_6_016.jpg 842,790,958,893,0 1062,464,1160,568,0 2,1242,40,1284,0
/data/dev/cheng/heads_data/20200507_mozi/0507-0509image_sample/1589015267_1589015275_120_6_000.jpg 1,861,58,922,0 844,834,932,935,0 1065,517,1158,600,0 1243,693,1329,774,0
/data/dev/cheng/heads_data/20200507_mozi/0507-0509image_sample/1588934118_1588934126_119_6_014.jpg 1071,513,1160,597,0
/data/dev/cheng/heads_data/20200507_mozi/0507-0509image_sample/1588847351_1588847359_120_6_015.jpg 1180,768,1284,850,0 1053,490,1147,590,0
/data/dev/cheng/heads_data/20200507_mozi/0507-0509image_sample/1588830206_1588830214_119_6_003.jpg 111,1237,160,1288,0 1,1099,38,1144,0
/data/dev/cheng/heads_data/20200507_mozi/0507-0509image_sample/1588946970_1588946978_119_6_004.jpg 251,495,349,582,0 1089,477,1189,568,0 1242,946,1336,1039,0 711,1124,798,1217,0
/data/dev/cheng/heads_data/20200507_mozi/0507-0509image_sample/1588826918_1588826926_120_6_004.jpg 658,797,744,890,0 1096,926,1227,1037,0 1173,597,1262,673,0 1064,519,1162,610,0 876,830,967,922,0
/data/dev/cheng/heads_data/20200507_mozi/0507-0509image_sample/1588892895_1588892903_119_6_012.jpg 962,457,1076,562,0 731,815,827,917,0
/data/dev/cheng/heads_data/20200507_mozi/0507-0509image_sample/1588934070_1588934078_119_6_005.jpg 64,906,149,975,0 1044,548,1138,622,0 309,1346,373,1413,0
/data/dev/cheng/heads_data/20200507_mozi/0507-0509image_sample/1589013931_1589013939_119_6_000.jpg 1383,835,1440,892,0 1063,520,1148,601,0 1172,851,1261,921,0 425,1328,483,1409,0
/data/dev/cheng/heads_data/20200507_mozi/0507-0509image_sample/1589007642_1589007650_120_6_003.jpg 370,270,440,357,0 1077,522,1164,607,0 1286,681,1376,742,0
/data/dev/cheng/heads_data/20200507_mozi/0507-0509image_sample/1588946930_1588946938_120_6_015.jpg 1113,464,1213,555,0 1271,486,1376,570,0 831,799,920,884,0
/data/dev/cheng/heads_data/20200507_mozi/0507-0509image_sample/1588847991_1588847999_120_6_001.jpg 1036,539,1116,624,0 533,990,636,1088,0 484,1199,580,1308,0 222,982,311,1070,0 5,1084,62,1135,0
/data/dev/cheng/heads_data/20200507_mozi/0507-0509image_sample/1588892999_1588893007_119_6_002.jpg 1116,450,1229,550,0 1104,910,1204,1008,0
/data/dev/cheng/heads_data/20200507_mozi/0507-0509image_sample/1588947050_1588947058_119_6_008.jpg 509,922,609,1033,0 331,917,416,1008,0 256,524,353,624,0 1100,555,1211,653,0
/data/dev/cheng/heads_data/20200507_mozi/0507-0509image_sample/1588997110_1588997118_119_6_004.jpg 784,876,899,976,0 1017,491,1098,578,0
/data/dev/cheng/heads_data/20200507_mozi/0507-0509image_sample/1588991534_1588991542_119_6_002.jpg 1,902,71,964,0 533,901,623,1010,0 843,789,924,867,0 890,351,979,431,0 1349,565,1440,642,0
/data/dev/cheng/heads_data/20200507_mozi/0507-0509image_sample/1588892903_1588892911_119_6_011.jpg 722,784,816,877,0 944,332,1044,450,0
/data/dev/cheng/heads_data/20200507_mozi/0507-0509image_sample/1588988430_1588988438_120_6_013.jpg 326,726,429,816,0 331,507,403,585,0 1071,534,1156,614,0 1234,684,1323,752,0 1284,589,1384,667,0
/data/dev/cheng/heads_data/20200507_mozi/0507-0509image_sample/1588839591_1588839599_120_6_012.jpg 476,937,573,1042,0 871,426,964,515,0 993,473,1096,562,0
/data/dev/cheng/heads_data/20200507_mozi/0507-0509image_sample/1588847991_1588847999_120_6_000.jpg 1011,535,1107,624,0 298,984,391,1075,0 471,1195,569,1304,0 696,959,791,1055,0
/data/dev/cheng/heads_data/20200507_mozi/0507-0509image_sample/1588975869_1588975877_119_6_010.jpg 1189,510,1291,595,0
/data/dev/cheng/heads_data/20200507_mozi/0507-0509image_sample/1588826934_1588826942_120_6_008.jpg 996,519,1087,615,0 1256,684,1362,775,0 1353,819,1433,893,0 1169,877,1267,962,0 927,824,1040,946,0 662,810,751,897,0 273,857,378,953,0
/data/dev/cheng/heads_data/20200507_mozi/0507-0509image_sample/1589015243_1589015251_120_6_014.jpg 999,1066,1091,1182,0 1269,647,1363,723,0 1058,513,1150,600,0
/data/dev/cheng/heads_data/20200507_mozi/0507-0509image_sample/1588947058_1588947066_120_6_019.jpg 942,346,1042,444,0 1020,499,1111,588,0 331,935,420,1024,0 533,875,638,966,0
/data/dev/cheng/heads_data/20200507_mozi/0507-0509image_sample/1588813816_1588813824_119_6_001.jpg 1084,487,1179,572,0 1228,623,1332,713,0
/data/dev/cheng/heads_data/20200507_mozi/0507-0509image_sample/1588834751_1588834759_119_6_010.jpg 936,468,1022,570,0 742,868,869,979,0
/data/dev/cheng/heads_data/20200507_mozi/0507-0509image_sample/1588814256_1588814264_120_6_011.jpg 1076,500,1176,586,0 842,786,942,888,0 342,1339,409,1417,0
/data/dev/cheng/heads_data/20200507_mozi/0507-0509image_sample/1588989262_1588989270_120_6_015.jpg 506,229,573,326,0 1071,512,1159,592,0 1185,715,1259,774,0 829,847,896,926,0
/data/dev/cheng/heads_data/20200507_mozi/0507-0509image_sample/1588997110_1588997118_119_6_007.jpg 1013,499,1102,584,0 758,835,856,943,0
/data/dev/cheng/heads_data/20200507_mozi/0507-0509image_sample/1588989278_1588989286_120_6_000.jpg 504,226,572,322,0 825,824,896,902,0 1094,538,1180,617,0 1192,723,1262,781,0
/data/dev/cheng/heads_data/20200507_mozi/0507-0509image_sample/1589009138_1589009146_119_6_002.jpg 63,1300,99,1340,0 343,999,440,1092,0 865,476,936,556,0
/data/dev/cheng/heads_data/20200507_mozi/0507-0509image_sample/1588988438_1588988446_119_6_000.jpg 310,473,384,553,0 320,768,426,852,0 1079,531,1161,612,0 1233,677,1326,744,0 1253,837,1356,917,0
/data/dev/cheng/heads_data/20200507_mozi/0507-0509image_sample/1588826918_1588826926_120_6_005.jpg 1073,517,1167,602,0 1113,610,1187,664,0 649,786,729,882,0 867,826,958,910,0 1156,899,1280,1010,0
/data/dev/cheng/heads_data/20200507_mozi/0507-0509image_sample/1588989278_1588989286_120_6_011.jpg 507,230,573,320,0 770,853,843,928,0 1092,525,1179,608,0 1194,714,1281,780,0
/data/dev/cheng/heads_data/20200507_mozi/0507-0509image_sample/1588826918_1588826926_120_6_006.jpg 1169,597,1253,664,0 1073,517,1171,606,0 631,786,718,877,0 864,828,958,919,0 1169,884,1296,995,0
/data/dev/cheng/heads_data/20200507_mozi/0507-0509image_sample/1588946922_1588946930_119_6_010.jpg 598,1197,676,1279,0 1198,617,1296,686,0 1104,473,1209,562,0
/data/dev/cheng/heads_data/20200507_mozi/0507-0509image_sample/1588815404_1588815412_119_6_011.jpg 798,755,896,862,0 898,455,984,564,0
/data/dev/cheng/heads_data/20200507_mozi/0507-0509image_sample/1588946882_1588946890_120_6_001.jpg 1111,515,1218,604,0 327,773,433,848,0 44,1006,122,1075,0
/data/dev/cheng/heads_data/20200507_mozi/0507-0509image_sample/1588946962_1588946970_120_6_003.jpg 293,482,396,577,0 1082,479,1193,566,0 929,966,1007,1053,0
/data/dev/cheng/heads_data/20200507_mozi/0507-0509image_sample/1589022316_1589022324_119_6_002.jpg 638,218,713,319,0 1060,482,1153,551,0 688,835,766,927,0
/data/dev/cheng/heads_data/20200507_mozi/0507-0509image_sample/1588987606_1588987614_119_6_018.jpg 84,1030,160,1104,0 961,932,1036,1008,0 1070,884,1135,947,0 933,241,997,316,0
/data/dev/cheng/heads_data/20200507_mozi/0507-0509image_sample/1588975861_1588975869_119_6_017.jpg 1193,542,1293,644,0 400,1002,500,1102,0
/data/dev/cheng/heads_data/20200507_mozi/0507-0509image_sample/1588946962_1588946970_120_6_004.jpg 1089,479,1191,564,0 924,957,1007,1055,0 269,473,380,570,0
/data/dev/cheng/heads_data/20200507_mozi/0507-0509image_sample/1588988542_1588988550_120_6_007.jpg 93,914,171,978,0 263,1017,344,1099,0 447,825,534,916,0 894,909,994,997,0 994,519,1089,603,0 1307,558,1396,629,0 1385,722,1440,780,0 1258,774,1359,838,0
/data/dev/cheng/heads_data/20200507_mozi/0507-0509image_sample/1588946786_1588946794_120_6_003.jpg 1124,497,1224,593,0 247,990,342,1077,0
/data/dev/cheng/heads_data/20200507_mozi/0507-0509image_sample/1588946954_1588946962_119_6_003.jpg 1178,977,1278,1068,0 1116,528,1218,622,0 680,510,769,619,0
/data/dev/cheng/heads_data/20200507_mozi/0507-0509image_sample/1589010394_1589010402_119_6_018.jpg 1,953,89,1031,0 874,848,969,949,0 1209,761,1325,856,0 1039,510,1130,594,0
/data/dev/cheng/heads_data/20200507_mozi/0507-0509image_sample/1588947026_1588947034_120_6_014.jpg 1253,593,1349,668,0 1102,482,1198,566,0 727,462,822,555,0 1200,848,1307,915,0
/data/dev/cheng/heads_data/20200507_mozi/0507-0509image_sample/1589010442_1589010450_119_6_019.jpg 830,610,887,695,0
/data/dev/cheng/heads_data/20200507_mozi/0507-0509image_sample/1588989926_1588989934_119_6_011.jpg 1074,534,1157,617,0
/data/dev/cheng/heads_data/20200507_mozi/0507-0509image_sample/1588947058_1588947066_120_6_002.jpg 611,864,698,953,0 1076,477,1184,573,0 267,486,369,586,0 260,875,356,966,0
/data/dev/cheng/heads_data/20200507_mozi/0507-0509image_sample/1588813792_1588813800_120_6_005.jpg 1049,504,1140,597,0 1227,628,1338,715,0
/data/dev/cheng/heads_data/20200507_mozi/0507-0509image_sample/1588946874_1588946882_119_6_010.jpg 1104,473,1204,564,0 309,757,409,848,0
/data/dev/cheng/heads_data/20200507_mozi/0507-0509image_sample/1588988110_1588988118_120_6_014.jpg 22,1135,74,1186,0 861,790,949,888,0 1011,529,1086,610,0 1316,689,1416,771,0
/data/dev/cheng/heads_data/20200507_mozi/0507-0509image_sample/1588989758_1588989766_120_6_004.jpg 508,238,579,333,0 1082,517,1166,594,0 827,813,915,905,0
/data/dev/cheng/heads_data/20200507_mozi/0507-0509image_sample/1588814256_1588814264_120_6_017.jpg 1080,488,1173,577,0 840,793,958,895,0
/data/dev/cheng/heads_data/20200507_mozi/0507-0509image_sample/1589022307_1589022316_123_6_017.jpg 696,836,768,930,0 641,215,720,322,0 1072,501,1159,577,0
/data/dev/cheng/heads_data/20200507_mozi/0507-0509image_sample/1588947018_1588947026_119_6_006.jpg 311,462,418,562,0 84,910,167,979,0 1096,475,1200,566,0 1318,1319,1378,1379,0
/data/dev/cheng/heads_data/20200507_mozi/0507-0509image_sample/1588814272_1588814280_120_6_018.jpg 873,404,967,508,0 729,857,824,962,0
/data/dev/cheng/heads_data/20200507_mozi/0507-0509image_sample/1589008706_1589008714_119_6_018.jpg 360,273,438,359,0 910,520,993,599,0 813,891,903,990,0
/data/dev/cheng/heads_data/20200507_mozi/0507-0509image_sample/1588998054_1588998062_119_6_011.jpg 1,857,43,908,0 345,1117,432,1214,0 549,889,627,976,0 730,941,801,1017,0 1061,530,1139,614,0 1193,752,1267,817,0
/data/dev/cheng/heads_data/20200507_mozi/0507-0509image_sample/1589007394_1589007402_119_6_000.jpg 375,267,454,348,0 900,874,988,963,0 1040,496,1118,577,0
/data/dev/cheng/heads_data/20200507_mozi/0507-0509image_sample/1588989766_1588989774_119_6_002.jpg 835,809,922,904,0 902,288,980,375,0 515,252,589,334,0
/data/dev/cheng/heads_data/20200507_mozi/0507-0509image_sample/1588987598_1588987606_120_6_005.jpg 33,1078,98,1151,0 858,804,932,883,0 1061,527,1150,607,0
/data/dev/cheng/heads_data/20200507_mozi/0507-0509image_sample/1588946882_1588946890_120_6_013.jpg 338,1248,402,1317,0 338,759,438,853,0 1127,542,1227,637,0
/data/dev/cheng/heads_data/20200507_mozi/0507-0509image_sample/1588815942_1588815950_119_6_014.jpg 1053,519,1153,604,0 1227,608,1336,690,0 840,822,913,908,0
/data/dev/cheng/heads_data/20200507_mozi/0507-0509image_sample/1588978597_1588978605_119_6_001.jpg 913,524,1004,613,0 849,795,929,886,0
/data/dev/cheng/heads_data/20200507_mozi/0507-0509image_sample/1588841063_1588841071_120_6_019.jpg 1069,515,1167,599,0 1293,659,1407,759,0 1284,877,1391,959,0 1120,910,1220,1002,0 336,270,420,357,0
/data/dev/cheng/heads_data/20200507_mozi/0507-0509image_sample/1588815950_1588815958_120_6_011.jpg 827,826,900,919,0 31,922,122,1015,0 1067,495,1167,593,0 1216,575,1320,659,0 1318,697,1404,773,0
/data/dev/cheng/heads_data/20200507_mozi/0507-0509image_sample/1588988990_1588988998_120_6_010.jpg 774,760,851,851,0 1063,525,1152,604,0 1338,553,1430,625,0 1256,734,1350,807,0
/data/dev/cheng/heads_data/20200507_mozi/0507-0509image_sample/1589026596_1589026604_120_6_009.jpg 792,860,866,927,0 1052,520,1137,594,0
/data/dev/cheng/heads_data/20200507_mozi/0507-0509image_sample/1589021579_1589021587_119_6_002.jpg 264,1055,348,1140,0 362,866,467,952,0 877,422,961,501,0 1047,1007,1139,1092,0 1361,883,1436,955,0 1309,774,1402,843,0
/data/dev/cheng/heads_data/20200507_mozi/0507-0509image_sample/1588989310_1588989318_120_6_009.jpg 25,1035,86,1086,0 101,1002,171,1066,0 503,227,571,320,0 1092,505,1184,581,0 1194,730,1277,799,0
/data/dev/cheng/heads_data/20200507_mozi/0507-0509image_sample/1588986654_1588986662_120_6_011.jpg 122,913,204,984,0 1,959,60,1016,0 1049,519,1149,602,0 1347,673,1440,739,0 1218,755,1309,833,0
/data/dev/cheng/heads_data/20200507_mozi/0507-0509image_sample/1588989718_1588989726_119_6_014.jpg 815,798,897,892,0 1037,540,1125,622,0
/data/dev/cheng/heads_data/20200507_mozi/0507-0509image_sample/1588995846_1588995854_119_6_007.jpg 504,1301,563,1384,0 602,947,654,1000,0 849,838,947,933,0 1058,502,1144,579,0 1194,840,1282,916,0
/data/dev/cheng/heads_data/20200507_mozi/0507-0509image_sample/1588988534_1588988542_119_6_007.jpg 441,828,537,915,0 742,804,834,902,0 1192,850,1294,933,0 1307,822,1405,891,0 1387,725,1440,783,0 1304,558,1394,623,0 1071,510,1159,594,0
/data/dev/cheng/heads_data/20200507_mozi/0507-0509image_sample/1588987726_1588987734_120_6_002.jpg 74,983,122,1035,0 503,1278,571,1364,0 862,844,938,933,0 1361,966,1440,1037,0 1025,502,1106,586,0
/data/dev/cheng/heads_data/20200507_mozi/0507-0509image_sample/1588987726_1588987734_120_6_003.jpg 71,984,120,1025,0 530,1308,594,1388,0 873,830,946,917,0 997,524,1078,599,0 1366,964,1440,1035,0
/data/dev/cheng/heads_data/20200507_mozi/0507-0509image_sample/1589010410_1589010418_119_6_009.jpg 1051,521,1137,603,0 770,884,860,991,0 1275,745,1380,830,0
/data/dev/cheng/heads_data/20200507_mozi/0507-0509image_sample/1588992006_1588992014_119_6_012.jpg 497,1367,551,1440,0 1052,509,1146,599,0 1372,617,1440,691,0 1241,715,1349,790,0
/data/dev/cheng/heads_data/20200507_mozi/0507-0509image_sample/1588991550_1588991558_119_6_015.jpg 562,875,645,970,0 907,803,989,888,0 789,474,871,550,0 1320,514,1416,599,0
/data/dev/cheng/heads_data/20200507_mozi/0507-0509image_sample/1588989006_1588989014_120_6_004.jpg 804,799,878,874,0 1069,520,1155,599,0 1297,561,1378,627,0 1254,724,1344,786,0
/data/dev/cheng/heads_data/20200507_mozi/0507-0509image_sample/1588947034_1588947042_119_6_009.jpg 1080,486,1189,584,0 707,337,800,442,0 713,846,800,948,0 913,882,1002,982,0
/data/dev/cheng/heads_data/20200507_mozi/0507-0509image_sample/1588819062_1588819070_119_6_010.jpg 1027,516,1128,604,0 1267,571,1368,636,0 1202,776,1289,859,0 665,839,750,933,0
/data/dev/cheng/heads_data/20200507_mozi/0507-0509image_sample/1588992790_1588992798_119_6_007.jpg 1066,497,1141,584,0 237,916,302,982,0 45,1006,109,1056,0
/data/dev/cheng/heads_data/20200507_mozi/0507-0509image_sample/1588848935_1588848943_120_6_003.jpg 509,988,600,1088,0 62,1235,109,1282,0 1062,504,1158,593,0 1231,688,1338,764,0
/data/dev/cheng/heads_data/20200507_mozi/0507-0509image_sample/1588989758_1588989766_120_6_012.jpg 507,238,578,326,0 775,253,850,330,0 826,810,912,901,0
/data/dev/cheng/heads_data/20200507_mozi/0507-0509image_sample/1588816974_1588816982_120_6_011.jpg 805,842,888,921,0 1284,686,1383,767,0 1055,527,1156,605,0 393,284,473,370,0
/data/dev/cheng/heads_data/20200507_mozi/0507-0509image_sample/1588841479_1588841487_120_6_011.jpg 1053,515,1149,608,0 1147,797,1236,886,0 22,817,96,879,0 269,1115,331,1170,0 471,1275,544,1364,0 384,1377,464,1440,0
/data/dev/cheng/heads_data/20200507_mozi/0507-0509image_sample/1589022332_1589022340_119_6_019.jpg 750,771,832,860,0 1022,494,1109,581,0 635,222,709,320,0
/data/dev/cheng/heads_data/20200507_mozi/0507-0509image_sample/1588815404_1588815412_119_6_005.jpg 897,488,985,573,0 826,764,916,858,0
/data/dev/cheng/heads_data/20200507_mozi/0507-0509image_sample/1588989254_1588989262_119_6_006.jpg 501,236,574,338,0 1081,517,1164,601,0 903,784,979,867,0 1184,732,1259,787,0
/data/dev/cheng/heads_data/20200507_mozi/0507-0509image_sample/1588946938_1588946946_119_6_000.jpg 980,935,1058,1026,0 1040,486,1133,579,0 1187,444,1276,535,0
/data/dev/cheng/heads_data/20200507_mozi/0507-0509image_sample/1588996702_1588996710_119_6_017.jpg 1039,499,1121,588,0 1222,703,1321,775,0
/data/dev/cheng/heads_data/20200507_mozi/0507-0509image_sample/1588989142_1588989150_119_6_017.jpg 90,930,156,983,0 839,740,932,836,0 1081,530,1168,613,0 1246,691,1345,758,0 1327,784,1405,846,0
/data/dev/cheng/heads_data/20200507_mozi/0507-0509image_sample/1588999282_1588999290_120_6_012.jpg 1048,509,1129,588,0 1207,831,1294,918,0 203,857,284,930,0
/data/dev/cheng/heads_data/20200507_mozi/0507-0509image_sample/1588987598_1588987606_120_6_009.jpg 33,1082,98,1147,0 832,773,903,859,0 982,394,1062,481,0
/data/dev/cheng/heads_data/20200507_mozi/0507-0509image_sample/1588813256_1588813264_119_6_002.jpg 1,964,56,1053,0 1069,522,1158,615,0 1353,484,1440,567,0 1236,706,1344,790,0 1118,953,1207,1053,0 800,808,900,910,0
/data/dev/cheng/heads_data/20200507_mozi/0507-0509image_sample/1588841071_1588841079_119_6_008.jpg 337,266,419,360,0 1072,537,1166,621,0 1284,683,1397,771,0 1102,909,1197,995,0
/data/dev/cheng/heads_data/20200507_mozi/0507-0509image_sample/1588947090_1588947098_120_6_015.jpg 1078,477,1180,566,0
/data/dev/cheng/heads_data/20200507_mozi/0507-0509image_sample/1588999290_1588999298_119_6_017.jpg 1083,525,1176,608,0 1149,883,1256,976,0 1394,605,1440,667,0 417,955,501,1042,0
/data/dev/cheng/heads_data/20200507_mozi/0507-0509image_sample/1588819054_1588819062_120_6_018.jpg 42,908,131,975,0 33,1166,78,1215,0 996,510,1093,606,0 1266,575,1375,637,0 1196,768,1291,862,0 458,1326,520,1402,0 42,1255,87,1284,0
/data/dev/cheng/heads_data/20200507_mozi/0507-0509image_sample/1588989758_1588989766_120_6_016.jpg 833,830,916,917,0 506,236,576,330,0 925,409,1015,489,0
/data/dev/cheng/heads_data/20200507_mozi/0507-0509image_sample/1588858736_1588858744_119_6_007.jpg 1049,519,1142,608,0 1311,582,1420,664,0 829,868,924,973,0
/data/dev/cheng/heads_data/20200507_mozi/0507-0509image_sample/1588992790_1588992798_119_6_015.jpg 781,1008,843,1083,0 1103,511,1196,595,0
/data/dev/cheng/heads_data/20200507_mozi/0507-0509image_sample/1588991558_1588991566_119_6_010.jpg 30,1333,68,1373,0 553,1073,642,1178,0 591,827,690,927,0 971,873,1064,958,0 669,497,741,584,0 1309,551,1407,635,0
/data/dev/cheng/heads_data/20200507_mozi/0507-0509image_sample/1588988998_1588989006_119_6_001.jpg 690,792,758,864,0 1074,520,1161,601,0 1333,548,1427,624,0 1254,721,1345,792,0
/data/dev/cheng/heads_data/20200507_mozi/0507-0509image_sample/1588934070_1588934078_119_6_013.jpg 1038,546,1131,624,0 411,1175,498,1255,0 313,1359,378,1408,0
/data/dev/cheng/heads_data/20200507_mozi/0507-0509image_sample/1588946922_1588946930_119_6_013.jpg 1104,473,1204,564,0 1178,604,1267,684,0 602,1184,680,1277,0
/data/dev/cheng/heads_data/20200507_mozi/0507-0509image_sample/1588988982_1588988990_119_6_010.jpg 811,780,887,856,0 1017,526,1103,603,0 1355,552,1440,621,0 1259,726,1353,800,0
/data/dev/cheng/heads_data/20200507_mozi/0507-0509image_sample/1588988110_1588988118_120_6_009.jpg 44,1176,94,1224,0 858,812,944,906,0 983,453,1066,534,0 1314,697,1422,773,0
/data/dev/cheng/heads_data/20200507_mozi/0507-0509image_sample/1588814652_1588814660_119_6_017.jpg 456,1246,544,1335,0 773,859,884,973,0 1042,486,1136,590,0 1089,937,1180,1017,0
/data/dev/cheng/heads_data/20200507_mozi/0507-0509image_sample/1589022340_1589022348_120_6_007.jpg 634,217,713,327,0 751,794,828,877,0 1020,522,1109,604,0
/data/dev/cheng/heads_data/20200507_mozi/0507-0509image_sample/1589007386_1589007394_120_6_018.jpg 905,889,991,972,0 1053,492,1133,575,0 377,269,453,347,0
/data/dev/cheng/heads_data/20200507_mozi/0507-0509image_sample/1588947090_1588947098_120_6_008.jpg 1064,482,1164,573,0
/data/dev/cheng/heads_data/20200507_mozi/0507-0509image_sample/1588841487_1588841495_119_6_002.jpg 1060,470,1153,564,0 1151,793,1247,879,0 982,995,1080,1090,0 258,1108,322,1168,0
/data/dev/cheng/heads_data/20200507_mozi/0507-0509image_sample/1588997126_1588997134_119_6_006.jpg 1076,517,1161,594,0
/data/dev/cheng/heads_data/20200507_mozi/0507-0509image_sample/1588946874_1588946882_119_6_018.jpg 327,766,431,846,0 1102,473,1207,575,0
/data/dev/cheng/heads_data/20200507_mozi/0507-0509image_sample/1588892895_1588892903_119_6_011.jpg 889,397,1009,502,0 727,815,827,922,0
/data/dev/cheng/heads_data/20200507_mozi/0507-0509image_sample/1588989758_1588989766_120_6_008.jpg 509,238,577,327,0 910,373,1002,455,0 821,806,906,897,0
/data/dev/cheng/heads_data/20200507_mozi/0507-0509image_sample/1588989302_1588989310_119_6_014.jpg 250,905,330,970,0 503,231,570,322,0 1074,529,1161,613,0 1191,714,1268,771,0
